00850703
00845136
00846704
00845809
00847129
00847126
00846902
00845803
00845877
00845836
00845881
00845781
00845728
00845797
00845839
00845766
00845769
00845871
00845837
00846493
00845790
00845755
00846902
00847123
00845831
00845137
00846902
00847123
00845885
00846059
00845768
00845834
00845799
00845807
00846903
00845798
00845784
00845829
00855548
00845844
00848347
00845885
00845866
00847122
00845795
00845870
00845882
00845779
00847984
00845789
00845808
00845838
00845761
00846867
00845536
00845801
00845868
00846290
00844136
00845759
00847124
00847130
00845864
00845756
00845146
00847987
00850210
00846843
00846865
00845763
00846498
00847125
00850216
00846870
00847983
00846869
00845884
00845780
00841073
00845827
00845760
00845764
00845788
00845835
00847127
00847985
00845762
00850209
00845800
00845757
00847985
00845762
00845887
00844818
00845822
00856638
00845460
